d = [4 2 -1; 3 -2 5; -1 6 -2]
g = [4 31 -19]
x = g * d